6.527		0.0186
9.6278		0.0353
13.4922		0.201
20.7254		0.0903
23.5319		0.6032
31.4031		0.2094
34.699		0.7724
41.9086		0.2673
51.4209		1.4197
53.791		0.822
54.8148		0.3131
71.3169		3.7433
73.874		5.4353
83.4248		3.6387
98.801		0.6856
101.286		0.5737
123.8227	2.6661
130.0955	0.1465
139.9607	2.065
145.9958	2.4822
164.5145	4.3347
179.2501	0.8306
189.9847	5.8564
199.683		0.9281
214.6595	4.8656
218.4714	1.768
225.5829	2.5221
236.6867	4.6518
242.0636	3.9346
272.9564	34.1353
286.4075	44.8612
292.9501	7.6737
307.7933	11.399
321.9663	4.6793
354.0071	6.4637
356.3692	13.1814
381.9987	3.4229
389.0743	4.1161
402.7449	6.2756
415.3784	0.0087
441.6325	2.8373
457.3374	3.1308
471.4113	11.2928
495.615		10.383
499.3775	2.8387
504.1271	30.3822
517.8874	9.1233
541.1258	11.9329
564.2834	24.559
598.1389	14.1341
602.1996	11.5105
622.8597	18.5943
635.5345	1.0798
637.3645	15.1564
640.4168	67.0116
647.4466	6.1181
655.374		82.486
680.3382	172.6337
714.488		31.1619
733.9486	0.537
748.6533	2.6966
752.7436	0.4662
758.628		4.3232
764.7675	12.6755
772.5755	15.6694
773.7468	3.9572
796.8622	13.0605
814.2528	24.347
823.6642	6.4854
855.8375	2.1445
857.252		20.2686
859.762		8.3138
880.4382	0.3491
891.7361	8.5622
906.5723	15.0068
923.1415	0.3574
931.4672	2.4843
962.4015	5.0629
970.6935	17.9984
979.4734	2.2294
986.3384	0.1293
1002.5541	0.5013
1003.5103	20.9585
1017.159	3.0244
1025.1374	6.5277
1032.4736	9.6979
1046.8738	9.3938
1051.923	3.4721
1056.8673	40.011
1065.7009	11.5897
1087.3567	15.0497
1099.9522	13.8649
1122.5496	34.6172
1132.3332	11.1584
1144.2456	147.1783
1150.1288	277.0639
1168.3529	0.6745
1171.1039	1.2986
1178.0477	26.3982
1181.1786	87.7696
1182.0417	20.5963
1189.9522	152.6595
1196.284	165.1502
1197.8713	7.5369
1203.3352	0.775
1208.654	18.4618
1214.6433	195.163
1217.7535	19.0506
1219.6076	50.4417
1225.8862	22.9342
1250.0551	18.56
1265.6532	169.0178
1270.5414	65.2755
1279.1864	58.8591
1294.7332	3.8369
1297.2736	52.5348
1309.2269	75.3331
1322.6099	17.1794
1327.5864	4.2588
1334.0854	8.3791
1338.7829	9.8042
1359.2276	11.4665
1366.5292	4.9228
1366.9749	6.0735
1378.6139	38.1882
1380.6397	30.8779
1391.5075	17.9307
1407.402	44.4121
1418.904	59.6933
1454.1974	19.6366
1460.5391	72.721
1468.7643	8.7604
1475.6951	7.5985
1483.7215	8.6879
1484.1003	5.9268
1486.0134	9.8716
1488.0751	0.0846
1491.575	8.6701
1498.3386	10.2338
1500.9337	3.1138
1504.6453	37.1729
1510.171	9.8779
1518.8188	0.5005
1526.2597	11.9576
1550.8498	400.3352
1557.2622	143.7775
1622.5519	0.7263
1625.642	34.3746
1644.2449	3.2115
1653.3437	15.2993
1751.8594	227.5316
1793.1844	154.2467
1793.8652	365.4248
2901.7141	72.5723
2945.788	42.9402
2998.0613	65.7679
3003.938	5.3398
3016.0655	49.4822
3030.7214	11.2667
3044.5971	4.9257
3051.4505	34.081
3053.3108	17.5243
3054.1492	41.3304
3062.4353	14.4885
3076.0054	33.7308
3076.8929	8.6882
3093.9404	1.1559
3099.6596	10.5414
3125.611	16.8158
3130.7686	24.622
3133.0865	15.2145
3156.5399	5.3384
3157.3437	12.781
3159.7382	1.2052
3162.7722	12.2757
3169.7395	9.2497
3177.494	28.9281
3188.4445	13.7575
3201.6769	9.1804
3512.8701	0.1006
3537.7272	92.2497
3755.9717	68.7406
3833.5795	56.7321
