6.527		100969.176103447
9.6278		94743.103818346
13.4922		139223.682289661
20.7254		80501.3116643436
23.5319		33378.1211495074
31.4031		26230.5634121584
34.699		5594.51670410832
41.9086		19231.7841659159
51.4209		3652.88758784401
53.791		8256.88607484008
54.8148		5618.62737016739
71.3169		5686.86755759969
73.874		2405.55582915372
83.4248		811.354974121617
98.801		1306.96764310636
101.286		244.495453308757
123.8227	633.162925448307
130.0955	497.83458432948
139.9607	365.019352962094
145.9958	207.077428424672
164.5145	926.834320281094
179.2501	250.678660692189
189.9847	170.807649222032
199.683		865.935141110936
214.6595	850.322808559246
218.4714	430.636545068616
225.5829	113.22317468017
236.6867	235.537776970391
242.0636	448.115931266295
272.9564	16.0068355078822
286.4075	343.218523535873
292.9501	279.616401919123
307.7933	435.830360716198
321.9663	162.713608811003
354.0071	395.744858248645
356.3692	294.674600307504
381.9987	68.1212783162915
389.0743	89.8935105861504
402.7449	210.979421985853
415.3784	4.34577370619378
441.6325	40.0809579290542
457.3374	145.525891796021
471.4113	57.3198488278234
495.615		149.834788769891
499.3775	56.5765353089399
504.1271	305.718786211791
517.8874	251.479496244878
541.1258	347.312380306581
564.2834	152.899364081223
598.1389	44.5963281056315
602.1996	312.075574405318
622.8597	71.6375902327631
635.5345	253.822226069117
637.3645	309.115370416677
640.4168	107.489142868994
647.4466	168.130445013115
655.374		142.061586317539
680.3382	246.967201630311
714.488		2.70426872458778
733.9486	52.812879717064
748.6533	124.831354611172
752.7436	18.8112554759379
758.628		50.0727781476238
764.7675	39.4536937885269
772.5755	2014.25889637866
773.7468	188.006464943427
796.8622	175.473408779997
814.2528	58.3910011424158
823.6642	429.285507329584
855.8375	46.9541363613637
857.252		40.4249499163029
859.762		22.47508685641
880.4382	28.6076317626984
891.7361	379.182712257174
906.5723	136.95559474377
923.1415	10.694064065252
931.4672	4.95584885116572
962.4015	117.864076250789
970.6935	36.4342581976703
979.4734	544.499305815286
986.3384	17.2739209378899
1002.5541	5.71670750530773
1003.5103	167.48623431253
1017.159	1333.40790936084
1025.1374	235.502578800381
1032.4736	344.032369094817
1046.8738	391.172927902714
1051.923	766.915192740051
1056.8673	108.022360236028
1065.7009	64.3425863779804
1087.3567	53.6211747237466
1099.9522	52.7285328650896
1122.5496	428.536417989586
1132.3332	261.055446336163
1144.2456	48.3244592727557
1150.1288	62.4678830790106
1168.3529	80.9923521665663
1171.1039	69.8542761983765
1178.0477	162.315943425191
1181.1786	56.263387333716
1182.0417	131.731469404377
1189.9522	225.56848614919
1196.284	138.071308930869
1197.8713	240.408786264658
1203.3352	101.776054385576
1208.654	160.234619853931
1214.6433	38.4398174086201
1217.7535	152.222020063463
1219.6076	1025.02340346069
1225.8862	77.194776003085
1250.0551	118.100232708147
1265.6532	50.0269806401028
1270.5414	332.692762278103
1279.1864	48.4492795833053
1294.7332	61.8609913160104
1297.2736	55.9319377730518
1309.2269	691.562191636446
1322.6099	169.59697238557
1327.5864	364.514593401989
1334.0854	185.640287330696
1338.7829	58.7471272508207
1359.2276	27.5546683137697
1366.5292	350.132416847061
1366.9749	237.88882765038
1378.6139	801.164676647242
1380.6397	137.695325435541
1391.5075	46.4774290801579
1407.402	24.3671434661268
1418.904	69.0683049437502
1454.1974	141.401381938738
1460.5391	179.628881577702
1468.7643	23.7891536065173
1475.6951	73.9943849407985
1483.7215	59.2619016055029
1484.1003	153.02879445888
1486.0134	152.933071605309
1488.0751	629.845270796184
1491.575	308.177761328668
1498.3386	94.9068081125823
1500.9337	65.2662663784395
1504.6453	104.141407379354
1510.171	26.0199125896786
1518.8188	129.129471871298
1526.2597	13.0965504528313
1550.8498	80.2505155569334
1557.2622	45.7275659282537
1622.5519	186.779945463777
1625.642	417.587918607343
1644.2449	543.578909089354
1653.3437	1459.19816363428
1751.8594	181.539839210829
1793.1844	157.961978830302
1793.8652	28.4536620924003
2901.7141	504.269332365784
2945.788	353.058098878886
2998.0613	808.021107926231
3003.938	835.120247820787
3016.0655	232.876895296208
3030.7214	606.782155317101
3044.5971	300.698960938174
3051.4505	657.809684542541
3053.3108	437.867265136376
3054.1492	288.76271912558
3062.4353	84.6140025255425
3076.0054	148.662322558687
3076.8929	393.035660901132
3093.9404	142.029380541438
3099.6596	246.371372047571
3125.611	156.044145891421
3130.7686	621.39076959193
3133.0865	321.133302272495
3156.5399	44.6754884110119
3157.3437	322.158904031088
3159.7382	397.953654941921
3162.7722	270.380368007274
3169.7395	383.65068860049
3177.494	118.10774528576
3188.4445	1227.83348726644
3201.6769	416.104163923378
3512.8701	259.465711397428
3537.7272	201.052305604473
3755.9717	298.031202235388
3833.5795	214.304326388469
